danet :
points: 0.02021526
error: 0.01061465
len : 0.19866319
radar: 1.7961017


reg:
points: 0.021396
error: 0.01143023
len:0.22642276
radar:1.8041174
